5 10
5 30
5 50
5 70
5 90
5 110
10 3
10 55
10 64
12 4
12 56
12 65
15 5
15 57
12 66
20 58
20 6
10 15
10 30
10 45
10 70
10 85
10 100
15 20
15 35
15 40
15 75
15 80
15 90
25 10
25 20
25 30
25 45
25 55
25 70
25 80
25 100
25 110
30 15
30 25
30 47
30 57
30 75
30 85
30 105
30 115
35 10
35 15
39 9
39 50
39 60
39 70
39 80
55 5
55 10
55 25
55 35
55 45
55 55
55 65
55 75
55 90
55 100
60 7
60 9
60 27
60 33
60 47
60 53
60 67
60 73
60 95
60 98
70 15
70 30
70 45
70 60
70 75
70 90
70 105
80 16
80 26
80 40
80 50
80 70
80 80
80 95
80 105
90 16
90 26
90 40
90 50
90 70
90 80
90 95
90 105
100 15
100 30
100 45
100 60
100 75
100 90
100 105
